Label   Inheritance     Total Energy    Obj_0           Obj_1           Operator

1	random        	-1575.197685	3.913916	8.584361e+01	random
2	random        	-1563.422167	3.982235	8.463764e+01	random
3	random        	-1529.500944	4.041649	8.545420e+01	random
4	random        	-1535.764023	4.029408	8.496728e+01	random
5	random        	-1586.817351	3.867645	8.522930e+01	random
6	random        	-1522.057556	4.078210	8.513592e+01	random
7	random        	-1531.290342	4.078658	8.493663e+01	random
8	random        	-1548.070622	3.968286	8.404425e+01	random
10	random        	-1607.047254	3.857616	8.619918e+01	random
11	random        	-1523.708082	4.077662	8.578459e+01	random
12	random        	-1528.402916	4.124023	8.557030e+01	random
9	random        	-1558.784957	4.023761	8.470706e+01	random
13	random        	-1539.709871	4.006573	8.528336e+01	random
16	random        	-1532.667767	4.054269	8.466404e+01	random
14	random        	-1585.890803	3.925226	8.494765e+01	random
18	random        	-1536.152965	4.045169	8.481585e+01	random
17	random        	-1571.104895	3.932738	8.528755e+01	random
19	random        	-1590.508694	3.858057	8.551140e+01	random
21	random        	-1563.552040	4.011281	8.484908e+01	random
20	random        	-1555.253597	3.990852	8.541316e+01	random
22	random        	-1535.594561	4.046627	8.450778e+01	random
23	random        	-1556.317043	3.988054	8.465422e+01	random
24	random        	-1590.858860	3.849271	8.613853e+01	random
25	random        	-1540.794072	4.045500	8.585065e+01	random
26	[1]           	-1559.746238	3.979029	8.536571e+01	perturb_sites
27	[6]           	-1583.756276	3.925834	8.553947e+01	perturb_sites
28	[18]          	-1563.955545	3.939958	8.496937e+01	perturb_sites
29	[4, 24]       	-1563.040290	3.953849	8.593154e+01	fraction_slice
30	[19]          	-1605.747439	3.845323	8.540442e+01	perturb_sites
33	[19, 4]       	-1558.364675	3.978919	8.498312e+01	fraction_slice
32	[24, 19]      	-1552.023669	3.999352	8.536800e+01	fraction_slice
31	[2, 4]        	-1541.313924	4.002385	8.440466e+01	fraction_slice
34	[19, 4]       	-1558.456417	3.978680	8.500516e+01	fraction_slice
35	[28, 24]      	-1548.627003	4.029377	8.498143e+01	fraction_slice
36	[33, 28]      	-1548.670813	4.071104	8.521006e+01	fraction_slice
37	[28]          	-1544.803569	4.022583	8.529171e+01	perturb_sites
38	[2]           	-1556.501743	4.042236	8.565725e+01	perturb_sites
40	[35]          	-1553.310611	4.017084	8.486193e+01	perturb_sites
39	[9]           	-1583.905204	3.922346	8.561827e+01	perturb_sites
41	[28]          	-1545.812046	4.019950	8.508666e+01	perturb_sites
43	[5, 4]        	-1548.915224	3.990826	8.487788e+01	fraction_slice
42	[10, 31]      	-1571.298297	3.916005	8.502947e+01	fraction_slice
44	[16]          	-1569.563030	3.933523	8.563325e+01	perturb_sites
